A 2 2
1 1
1 2
add
B 2 2
2 2
2 2
;
Resultado A add B
3 3
3 4
;
M1 2 2
1 1
1 2
mue 3
dot
M3 2 1
1
0
mul
M4 2 1
1
2
;
Resultado M1 mue 3 dot M3 mul M4
3
6
;
M1 2 2
1 1
1 2
mue 3
dot
M3 3 3
1 2 1
0 3 2
1 2 1
mul
M4 2 1
1
2
;
Resultado M1 mue 3 dot M3 pôde ser calculado
;
mat1 5 5
7 0 5 4 5
6 7 6 8 2
7 6 3 0 5
4 7 8 7 2
6 2 5 2 9
dot
mat2 5 5
3 2 7 5 8
1 8 6 5 6
3 1 6 5 0
2 6 0 1 1
7 2 6 1 6
add
mat3 5 5
1 3 7 8 2
3 4 5 1 1
5 4 5 6 2
2 8 3 2 6
4 1 4 4 3
mul
mat4 5 5
2 0 4 6 8
2 6 0 8 2
4 5 9 1 8
8 2 9 0 1
5 0 0 9 3
;
Resultado mat1 dot mat2 add mat3 mul mat4
160 0 464 462 736
152 780 0 848 222
304 395 1242 91 992
584 252 1197 0 99
530 0 0 720 357
;
m1 9 4
-1   0  -6   4
-6   9  -5 -10
9   6   5  -4
-5   9  -7  -7
3  -7  -4  -3
1   7   3  -8
6  -7   0   2
-1   2 -10   3
6  -9  -3  -4
dot
m2 4 9
1   7   1   6  -9  -2   4  -1 -10
6  -7   5  -7  -2   7   0  -3 -10
5   7   7   0   4  -8  -3 -10  -3
3  -9  -1  -5   3   2   7  -8 -10
mue 2
add
m3 9 9
-2   1   8  -1  -9  -4   8  -9   9
0 -10   8   6   9   5  -6   6   0
-3   4  -7   9  -7   4  -8  -9  -9
-6  -3  -6  -2  -6   1   9   5   5
-8   5  -7  -7 -10 -10   1 -10  -8
-10 -10  -9  -1  -2  -5   0  -6  -3
5   1   4   5   2  -2  -1  -2   5
-5   7  -8  -9  -7  -3   6   3   4
7  -7   4   5  -7  -9  -1  -6   3
mul
m4 9 9
-2   2  -9 -10   8   8  -8   6   0
3   1   0  -9  -2  -2  -1   8 -10
2   8  -9   2   8 -10  -2   1 -10
-2  -6   9  -7  -4  -6   3  -1 -10
3  -5  -9  -3  -8   1   3  -5 -10
-10  -1  -2  -9   8   2   5  -8   9
-9 -10   9   8  -3   2   3  -4  -6
-8   9  -7   1  -8  -9  -7  -5   7
-2   5  -1   5 -10   2  -6  -1   5
;
Resultado m1 dot m2 mue 2 add m3 mul4
80  -338   774   530  -120   896  -736   294     0
-42  -110     0   828    38  -390   164  1792 -1700
226  1504 -1341   146 -1416   440    44   -99  2590
40  1026   -90   826   200 -1386  -261  -213 -1070
-432  -715  1089  -471   688   -68    21  -770 -1560
-580   -92  -242    63  -576    18  -610  -144  -189
495 -1470  -522  1240   198  -232   225    16    90
520 -2061   952   -79   472 -1809  -700  -725  -112
286  1165   108  1215  1270  -254   -54  -160   805
;