m1 9 4
-1   0  -6   4
-6   9  -5 -10
9   6   5  -4
-5   9  -7  -7
3  -7  -4  -3
1   7   3  -8
6  -7   0   2
-1   2 -10   3
6  -9  -3  -4
dot
m2 4 9
1   7   1   6  -9  -2   4  -1 -10
6  -7   5  -7  -2   7   0  -3 -10
5   7   7   0   4  -8  -3 -10  -3
3  -9  -1  -5   3   2   7  -8 -10
mue 2
add
m3 9 9
-2   1   8  -1  -9  -4   8  -9   9
0 -10   8   6   9   5  -6   6   0
-3   4  -7   9  -7   4  -8  -9  -9
-6  -3  -6  -2  -6   1   9   5   5
-8   5  -7  -7 -10 -10   1 -10  -8
-10 -10  -9  -1  -2  -5   0  -6  -3
5   1   4   5   2  -2  -1  -2   5
-5   7  -8  -9  -7  -3   6   3   4
7  -7   4   5  -7  -9  -1  -6   3
mul
m4 9 9
-2   2  -9 -10   8   8  -8   6   0
3   1   0  -9  -2  -2  -1   8 -10
2   8  -9   2   8 -10  -2   1 -10
-2  -6   9  -7  -4  -6   3  -1 -10
3  -5  -9  -3  -8   1   3  -5 -10
-10  -1  -2  -9   8   2   5  -8   9
-9 -10   9   8  -3   2   3  -4  -6
-8   9  -7   1  -8  -9  -7  -5   7
-2   5  -1   5 -10   2  -6  -1   5